Mean=0.8169437566537128
RMS=3.5682558350700897
STDDEV=2.7648668497220426
Average predict time cost=0.020099429450000067
